[Red-Block]
0 595 419
1 578 402
2 575 421
3 550 394
4 543 421
5 517 407
6 516 423
7 554 374
8 568 349
9 584 377
10 667 422
11 683 403
12 665 393
13 652 421
14 690 421
15 678 379
16 755 417
17 768 390
18 775 370
19 788 395
20 799 372
21 799 340
22 799 308
23 774 404
24 820 395
25 795 406
26 774 424
27 807 420
28 835 416
29 828 369
30 856 406
31 831 337
32 824 323
33 855 367
34 861 423
35 852 390
36 887 420
37 880 396
38 870 380
39 846 349
40 864 144
41 895 144
42 767 144
43 767 176
44 918 220
45 950 220
46 982 220
47 1014 220
48 1046 220
49 1078 220
50 1110 220
51 1142 220
52 927 144
53 959 144
54 991 144
55 1023 144
56 1055 144
57 1087 144
58 1119 144
59 1151 144
60 1183 144
61 1215 144
62 1247 144
63 1279 144
64 1311 144
65 1343 144
66 1270 220
67 1302 220
68 1334 220
69 1366 220
70 1398 220
71 1430 220
72 1462 220
73 1156 220
74 1165 227
75 1252 227
76 1251 248
77 1165 255
78 1362 309
79 1631 311
80 506 421
81 780 128
82 845 129
83 838 109
84 1375 144
85 1407 144
86 1439 144
87 1471 144
88 1503 144
89 1535 144
90 1567 144
91 1599 144
92 1631 144
93 1663 144
94 1494 220
95 1526 220
96 1558 220
97 1590 220
98 1602 232
99 1667 134
100 1690 141
101 1870 141
102 1847 123
103 1856 257
104 1876 236
105 1908 236
106 1940 236
107 1972 236
108 1902 141
109 1934 141
110 1966 141
111 1853 270
112 1833 111
113 2004 236
114 2009 249
115 2012 226
116 1989 124
117 2015 316
118 2015 284
119 2151 417
120 2151 385
121 2151 353
122 2151 321
123 2151 289
124 2152 255
125 2152 223
126 2152 191
127 2016 118
128 2031 109
129 2055 104
130 2069 92
131 2087 85
132 2111 84
133 2133 77
134 2015 348
135 2119 417
136 2047 333
137 2120 252
138 2311 290
139 2248 222
140 2595 292
141 2658 228
142 2309 202
143 2341 202
144 2373 202
145 2501 202
146 2533 202
147 2565 202
148 2469 108
149 2437 108
150 2405 108
-1 -1 -1
[Big-Block]
0 387 322
1 387 258
2 387 194
3 451 194
4 515 194
5 579 194
6 643 194
7 707 194
8 854 219
9 733 196
10 1151 330
11 1215 330
12 1279 330
13 1343 330
14 1407 330
15 1471 330
16 1535 330
17 1599 330
18 1087 330
19 1023 330
20 959 330
21 1663 330
22 1727 330
23 1791 330
24 1855 330
25 1919 330
26 2184 192
27 2248 258
28 2311 324
29 2375 324
30 2439 324
31 2502 324
32 2566 324
33 2630 261
34 2694 197
35 2168 37
36 2232 -28
37 2296 -28
38 2360 -28
39 2424 -28
40 2488 -28
41 2552 -28
42 2616 -28
43 2693 70
44 2680 6
45 2758 197
46 2822 197
47 2757 70
48 2821 70
-1 -1 -1
[Ground-Enemy]
0 1405 294
1 1449 294
2 1484 294
3 1520 295
4 1558 294
5 1594 294
6 955 646
7 1315 290
8 1256 290
9 1177 290
10 1143 291
11 1086 286
12 1037 289
13 987 285
14 1012 408
15 1106 410
16 1158 409
17 1202 408
18 1252 409
19 1304 411
20 1376 406
21 1434 407
22 1507 406
23 1588 410
24 1685 403
25 1716 411
26 1775 408
27 1858 405
28 1920 409
29 1982 407
30 2024 406
31 2319 163
32 2345 163
33 2371 163
34 2405 70
35 2431 70
36 2457 70
37 2501 159
38 2529 156
39 2558 159
40 2356 277
41 2382 277
42 2408 277
43 2434 277
44 2460 277
45 2486 277
46 2512 277
47 2525 278
48 2551 278
49 2621 179
50 2614 127
51 2616 71
52 2259 59
53 2264 107
54 2258 156
55 2330 61
56 2305 113
57 2357 115
58 2371 56
59 2541 47
60 2541 83
61 2541 119
62 2435 232
63 2430 188
64 2430 152
-1 -1 -1
[End]
