[Red-Block]
0 784 256
1 784 206
2 880 256
3 567 128
4 567 80
5 663 128
6 535 128
7 567 48
8 599 48
9 631 48
10 663 48
11 663 80
12 695 128
13 321 352
14 567 417
15 567 286
16 321 223
17 912 256
18 1040 256
19 1136 256
20 1168 256
21 663 352
22 752 256
23 1040 160
24 1100 286
25 1232 160
26 1264 160
27 1232 128
28 1232 96
29 1246 281
30 1278 281
31 784 174
32 816 174
33 848 174
34 880 174
35 880 206
36 1392 206
37 1392 174
38 1424 174
39 1456 174
40 1488 174
41 1488 206
-1 -1 -1
[Big-Block]
0 815 320
1 815 256
2 600 385
3 600 321
4 600 257
5 600 193
6 600 129
7 257 321
8 257 257
9 257 193
10 257 129
11 257 65
12 257 1
13 1424 384
14 1424 320
15 1424 256
-1 -1 -1
[Ground-Enemy]
0 820 216
1 846 216
2 604 91
3 632 91
4 917 341
5 1153 388
6 1214 333
7 1073 314
8 1032 384
9 987 306
10 1276 392
11 1275 324
12 1162 315
13 969 397
14 1429 213
15 1455 213
-1 -1 -1
[End]
